100
0538 57
0825 45
2046 84
2033 4
0829 60
2007 93
1503 38
0949 162
0743 81
1141 63
1621 68
0713 169
1748 173
1410 151
1607 161
1139 152
1036 38
1912 57
0148 90
1146 33
0556 160
1534 127
1338 112
0841 85
1131 136
2208 53
2201 59
0431 104
1654 112
2221 65
0453 65
2035 16
0507 64
1633 75
2147 128
1020 70
1651 48
1044 147
1316 128
0339 136
0118 139
0634 1
1014 135
1839 20
0632 64
0106 68
1156 105
1704 66
0224 53
0733 4
0544 89
1359 168
0542 59
2105 73
2050 82
0858 143
2003 150
1354 141
2315 12
2137 108
1821 38
1555 47
1045 51
0401 102
1440 149
1948 76
0653 67
1700 74
1808 86
1042 19
0246 123
0047 48
0247 177
2356 2
1923 176
0939 42
2052 27
0425 62
1116 72
1917 20
0120 24
0020 80
0510 148
0647 55
1242 19
1345 22
1015 162
1140 45
1304 139
0154 171
1334 180
0428 133
1610 94
0839 78
0754 66
1624 2
0045 122
2322 16
0251 74
0924 109
